$ 1 0.000005 22.512744558455275 47 5 43 5e-11
f 176 384 176 464 32 2.5 3.2
R -160 464 -240 464 0 0 40 -15 0 0 0.5
s -96 464 32 464 0 0 false
r -96 464 -160 464 0 1
r 32 384 32 464 0 12000
c 32 256 32 384 0 1.0000000000000001e-7 10.079507604463132 0
g 32 192 -16 192 0 0
r 352 256 352 368 0 3180
r 352 464 352 368 0 30000
p 352 368 640 368 1 0 0
r 432 352 432 464 0 50
s 432 256 432 352 0 0 false
s 544 256 544 368 0 1 false
r 544 368 544 464 0 10
w 544 256 432 256 0
w 544 464 432 464 0
w 32 384 176 384 0
r 352 528 32 528 0 30000
w 32 464 160 464 0
p 544 464 544 608 1 0 0
p 32 384 -48 384 1 0 0
w 160 112 32 112 0
w 160 48 160 112 0
w 224 112 160 112 0
w 304 112 224 112 0
w 384 112 304 112 0
w 496 112 384 112 0
r -32 -176 -96 -176 0 1
w 496 -176 384 -176 0
r 496 -48 496 112 0 1
s 496 -176 496 -48 0 0 false
s 384 -176 384 -48 0 0 false
r 224 32 224 112 0 10000
r 304 32 224 32 0 10000
p 304 32 208 -80 1 0 0
p 160 -64 64 -80 1 0 0
s -32 -176 32 -176 0 1 false
p 304 -176 304 -240 1 0 0
r 384 -48 384 112 0 500
w 304 -176 384 -176 1
w 304 -176 240 -176 0
r 304 32 304 -176 0 30000
r 304 32 304 112 0 3180
t 224 32 160 32 0 1 0 0 50 default
r 160 16 160 -64 0 10000
w 96 -224 96 -176 0
w 240 -224 240 -176 0
r 96 -224 240 -224 0 30000
w 176 -176 240 -176 0
w 96 -64 160 -64 0
w 144 -176 96 -176 0
f 160 -64 160 -176 41 2.6 3.2
w 96 -176 32 -176 1
w 96 -64 32 -64 0
c 32 -64 32 112 0 1.0000000000000001e-7 0 0
r 32 -176 32 -64 0 12000
R -96 -176 -176 -176 0 0 40 15 0 0 0.5
w 352 256 432 256 0
w 352 464 432 464 0
w 32 256 176 256 0
t 256 368 176 368 0 -1 9.508596547438751 -0.5709110570243797 50 default
w 32 528 32 464 0
w 352 528 352 464 0
r 352 368 256 368 0 10000
r 256 368 256 256 0 10000
w 176 256 256 256 0
w 256 256 352 256 0
w 176 352 176 256 0
w 192 464 352 464 0
w 32 192 32 112 1
w 32 192 32 256 1
38 0 F1 1 0.01 5 -1 <a\shref\q"mosfet-beta.html"\starget\q"_blank">Beta</a>
