$ 1 0.000005 204.8780465020098 62 5 43 5e-11
R -32 -176 -112 -176 0 0 40 15 0 0 0.5
r 96 -176 96 -64 0 12000
c 96 -64 96 112 0 1.0000000000000001e-7 14.999499749174884 0
g 96 112 96 160 0 0
w 160 -64 96 -64 0
w 160 -176 96 -176 1
f 224 -64 224 -176 41 2.6 3.2
w 208 -176 160 -176 0
w 160 -64 224 -64 0
w 240 -176 304 -176 0
r 160 -224 304 -224 0 30000
w 304 -224 304 -176 0
w 160 -224 160 -176 0
r 224 16 224 -64 0 10000
t 288 32 224 32 0 1 -14.998976163142522 0.0005232840271725887 50 default
r 368 32 368 112 0 3180
r 368 32 368 -176 0 30000
w 368 -176 304 -176 0
w 368 -176 448 -176 1
r 448 -48 448 112 0 50
p 368 -176 368 -240 1 0 0
s 32 -176 96 -176 0 0 false
p 224 -64 128 -80 1 0 0
p 368 32 272 -80 1 0 0
r 368 32 288 32 0 10000
r 288 32 288 112 0 10000
s 448 -176 448 -48 0 0 false
s 560 -176 560 -48 0 0 false
r 560 -48 560 112 0 50
w 560 -176 448 -176 0
r 32 -176 -32 -176 0 1
w 560 112 448 112 0
w 448 112 368 112 0
w 368 112 288 112 0
w 288 112 224 112 0
w 224 48 224 112 0
w 224 112 96 112 0
38 13 F1 0 1000 30000 -1 Resistance
38 19 F1 0 1 100 -1 Resistance
38 15 F1 0 1000 2000 -1 Resistance
