$ 1 0.000005 0.41233529972698213 71 5 43 5e-11
R -16 80 -96 80 0 0 40 15 0 0 0.5
r 48 80 48 192 0 22000
c 48 192 48 304 0 1e-8 14.999999999999913 0
g 48 304 48 352 0 0
34 zener-10 1 1.7143528192810002e-7 0 2.0000000000000084 10 1
z -16 224 -16 112 2 zener-10
w 128 160 64 160 0
w 112 80 48 80 1
f 176 192 176 80 41 2.6 0.02
w 160 80 112 80 0
w 112 192 176 192 0
w 192 80 256 80 0
r 112 32 256 32 0 30000
w 256 32 256 80 0
w 112 32 112 80 0
r 176 272 176 192 0 1000
t 224 288 176 288 0 1 0.5505789667622671 0.5685072186193018 100 default
g 176 304 176 352 0 0
r 224 288 224 336 0 10000
g 224 336 224 352 0 0
r 224 288 288 288 0 10000
r 288 288 288 336 0 20000
g 288 336 288 352 0 0
r 288 288 288 80 0 30000
w 288 80 256 80 0
w 288 80 400 80 1
r 400 80 400 320 0 100
g 400 320 400 352 0 0
p 288 80 416 -16 1 0 0
s -16 80 48 80 0 0 false
p 176 192 256 192 1 0 0
38 0 F1 0 0 20 -1 Voltage
