$ 1 0.000005 10.20027730826997 45 5 43 5e-11
R -144 -128 -240 -128 0 0 40 15 0 0 0.5
r -112 -128 -112 -32 0 0.1
r 16 -128 -112 -128 0 100
g 192 48 192 112 0 0
i -192 -48 -192 96 0 0.2
w -112 -128 -144 -128 1
t 144 -48 192 -48 0 1 -2.8111233630989787 -2.9030886333480854 100 default
w 192 -64 192 -128 0
r 192 -32 192 48 0 1000
p 192 -32 304 -32 1 0 0
w 16 -64 16 -128 0
w 16 -32 -112 -32 0
g -112 112 -112 176 0 0
w 192 -128 16 -128 0
r -112 -32 -112 112 0 10
a 16 -48 144 -48 9 15 -15 1000000 14.851485148514852 -12.191580928508722 100000
409 432 -288 560 -288 3 0.6 0 0.023100000000000002 2
R 80 -80 128 -80 0 0 40 12 0 0 0.5
g 80 -16 80 16 0 0
