$ 1 0.000005 5.459815003314424 65 5 43 5e-11
w 224 112 96 112 0
w 224 48 224 112 0
w 288 112 224 112 0
w 368 112 288 112 0
w 448 112 368 112 0
w 560 112 448 112 0
r 32 112 -32 112 0 1
w 560 -176 448 -176 0
r 560 -48 560 112 0 50
s 560 -176 560 -48 0 0 false
s 448 -176 448 -48 0 0 false
r 288 32 288 112 0 10000
r 368 32 288 32 0 10000
p 368 32 272 -80 1 0 0
p 224 -64 128 -80 1 0 0
s 32 112 96 112 0 1 false
p 368 -176 368 -240 1 0 0
r 448 -48 448 112 0 50
w 368 -176 448 -176 1
w 368 -176 304 -176 0
r 368 32 368 -176 0 30000
r 368 32 368 112 0 3180
t 288 32 224 32 0 1 0 0 50 default
r 224 16 224 -64 0 10000
w 160 -224 160 -176 0
w 304 -224 304 -176 0
r 160 -224 304 -224 0 30000
w 240 -176 304 -176 0
w 160 -64 224 -64 0
w 208 -176 160 -176 0
f 224 -64 224 -176 41 2.6 3.2
w 160 -176 96 -176 1
w 160 -64 96 -64 0
g 16 -176 16 -128 0 0
c 96 -64 96 112 0 1.0000000000000001e-7 0 0
r 96 -176 96 -64 0 12000
R -32 112 -112 112 0 0 40 -15 0 0 0.5
w 96 -176 16 -176 0
f 320 368 320 480 32 2.5 3.2
R -192 480 -272 480 0 0 40 -15 0 0 0.5
s -128 480 0 480 0 0 false
r -128 480 -192 480 0 1
w 96 480 256 480 0
w 368 480 336 480 0
r 256 368 256 480 0 12000
c 256 272 256 368 0 1.0000000000000001e-7 14.99949956523613 0
g -64 272 -64 240 0 0
r 0 384 0 480 0 30000
r 0 384 0 272 0 3.18
p 0 384 -128 384 1 0 0
w 0 272 -64 272 0
w 96 272 256 272 1
r 448 368 448 480 0 50
s 448 272 448 368 0 0 false
s 560 272 560 384 0 1 false
r 560 384 560 480 0 5
w 560 272 448 272 0
w 560 480 448 480 0
w 448 480 368 480 0
w 0 480 96 480 0
w 256 272 448 272 0
w 256 368 320 368 0
r 288 640 224 640 0 10000
r 96 272 96 352 0 10000
r 96 352 0 384 0 10000
w 256 480 304 480 0
p 448 480 448 624 1 0 0
t 144 352 192 352 0 -1 14.998704726108533 14.849212600107458 100 default
w 160 512 160 592 0
p 320 368 400 368 1 0 0
t -256 272 -224 272 0 1 0 0 100 default
w 96 272 0 272 0
w 256 368 192 368 0
w 304 192 368 128 0
w 144 352 96 352 0
38 38 F1 1 0.01 5 -1 <a\shref\q"mosfet-beta.html"\starget\q"_blank">Beta</a>
